509 538 305.5 331.5
509 547 309.5 330.5
509 573 324.5 329.5
510 600 378.5 320.5
509 628 431.5 301.5
510 654 466.5 282.5
510 672 487.5 269.5
509 672 487.5 269.5
510 699 513.5 251.5
510 734 542.5 229.5
510 761 563.5 211.5
509 786 577.5 199.5
509 795 579.5 193.5
487 514 396.5 316.5
418 513 265.5 308.5
396 513 232.5 302.5
374 513 209.5 290.5
352 513 186.5 277.5
330 513 166.5 263.5
308 513 148.5 252.5
286 513 133.5 241.5
264 512 120.5 230.5
241 512 107.5 220.5
219 513 94.5 209.5
130 512 57.5 176.5
390 613 321.5 241.5
383 622 323.5 226.5
371 614 306.5 222.5
359 606 286.5 220.5
347 601 268.5 218.5
335 593 248.5 215.5
323 587 230.5 211.5
312 581 214.5 207.5
311 575 208.5 212.5
311 568 200.5 217.5
311 565 197.5 219.5
276 543 156.5 214.5
241 517 112.5 215.5
230 498 88.5 220.5
402 631 351.5 232.5
407 641 365.5 228.5
413 649 379.5 224.5
418 667 402.5 214.5
423 676 415.5 210.5
427 684 426.5 206.5
452 684 456.5 218.5
467 684 474.5 227.5
482 684 489.5 233.5
494 684 501.5 237.5
507 684 515.5 241.5
522 684 532.5 245.5
530 684 541.5 246.5
328 654 309.5 152.5
346 641 309.5 173.5
349 642 310.5 175.5
392 641 354.5 208.5
392 578 286.5 257.5
402 565 280.5 272.5
413 552 280.5 283.5
427 537 279.5 295.5
486 500 277.5 325.5
515 500 303.5 330.5
540 473 306.5 331.5
555 474 311.5 329.5
559 474 314.5 329.5
