-144.5 -257.5
-291.5 -167.5
-332.5 -134.5
90 -88
98 -85
88 -89
-302.5 -171.5
-138.5 -254.5
-358.5 -142.5
-146.5 -259.5
-332.5 -134.5
-141.5 -255.5
-132.5 -249.5
-132.5 -249.5
-138.5 -253.5
-138.5 -254.5
-144.5 -257.5
-290.5 -168.5
-138.5 -253.5
-144.5 -257.5
-145.5 -257.5
-474.5 -332.5
-134.5 -250.5
-148.5 -248.5
-354.5 -139.5
-333.5 -133.5
-35 62
118 -26
112 -30
20 -55
110 -29
-78 98
122 -22
-81 100
-144.5 -255.5
140 -46
-13 24
-24 45
142 -47
-144.5 -257.5
-178.5 -286.5
-138.5 -254.5
-147.5 -258.5
-474.5 -329.5
139 -45
139 -44
134 -45
-100 36
278.5 212.5
141 -42
-57 82
-199 -114
-138.5 -254.5
-364.5 -143.5
-148.5 -248.5
-313.5 -151.5
-62 97
-366.5 -136.5
-105 49
139 -25
134 -24
-194 -121
139 -28
139 -28
-49 -85
133 -20
134 -20
138 -16
130 -21
131 -21
134 -20
-138.5 -254.5
-133.5 -250.5
-136.5 -252.5
-138.5 -251.5
-138.5 -254.5
-132.5 -249.5
-335.5 -131.5
-292.5 -166.5
-141.5 -255.5
-138.5 -254.5
-138.5 -254.5
-144.5 -258.5
-138.5 -254.5
-138.5 -254.5
-144.5 -257.5
-346.5 -188.5
-132.5 -249.5
-144.5 -257.5
-145.5 -257.5
-291.5 -181.5
-144.5 -258.5
125 4
-73 127
119 0
125 4
122 -1
125 1
-126 100
131 7
125 1
-41 93
121 -8
127 -5
-87 113
136 2
124 -7
130 -2
118 -9
135 1
127 -4
132 -2
-30 93
-88 -32
133 -2
127 -5
-64 117
-68 123
-24 63
127 -5
127 -4
123 -7
124 -6
124 -7
127 -5
123 0
132 -2
129 1
135 1
-72 124
133 1
127 -4
-124 87
-26 85
136 -3
136 -2
268.5 251.5
123 -7
131 -2
130 -3
-69 124
130 -2
129 -3
128 -4
130 -3
-29 94
130 -3
127 -4
132 -1
-476.5 -336.5
-137.5 -253.5
-144.5 -257.5
-137.5 -254.5
-142.5 -255.5
-141.5 -254.5
-138.5 -254.5
-142.5 -256.5
-137.5 -255.5
-143.5 -255.5
-257.5 -226.5
-145.5 -256.5
-147.5 -255.5
-145.5 -255.5
-145.5 -255.5
-147.5 -255.5
-145.5 -253.5
-148.5 -256.5
-146.5 -254.5
-148.5 -255.5
0 0
-145.5 -253.5
-291.5 -167.5
-291.5 -167.5
-310.5 -135.5
-354.5 -139.5
-294.5 -214.5
-354.5 -140.5
-266.5 -226.5
-354.5 -139.5
-336.5 -128.5
-292.5 -164.5
-334.5 -132.5
-332.5 -134.5
-290.5 -167.5
-291.5 -166.5
-276.5 -205.5
-291.5 -181.5
-330.5 -136.5
-292.5 -166.5
-293.5 -167.5
-310.5 -135.5
-298.5 -217.5
-367.5 -134.5
-335.5 -132.5
-474.5 -330.5
-472.5 -326.5
-292.5 -164.5
-334.5 -132.5
-336.5 -128.5
-354.5 -140.5
-332.5 -133.5
-335.5 -129.5
-334.5 -133.5
-332.5 -134.5
-366.5 -145.5
-289.5 -167.5
-332.5 -134.5
-332.5 -134.5
-335.5 -130.5
-261.5 -228.5
-303.5 -161.5
-272.5 -152.5
-269.5 -219.5
-262.5 -222.5
-360.5 -285.5
-362.5 -138.5
-369.5 -140.5
-332.5 -133.5
-335.5 -129.5
-293.5 -165.5
-475.5 -330.5
-393.5 -89.5
0 0
-261.5 -225.5
-332.5 -134.5
-327.5 -276.5
-332.5 -133.5
-476.5 -317.5
-379.5 -179.5
-260.5 -221.5
-332.5 -134.5
-362.5 -136.5
-292.5 -164.5
-293.5 -166.5
-335.5 -132.5
-292.5 -166.5
-291.5 -166.5
-293.5 -164.5
-354.5 -139.5
-332.5 -133.5
-473.5 -324.5
-330.5 -132.5
-333.5 -134.5
-472.5 -324.5
-335.5 -130.5
-355.5 -138.5
-472.5 -318.5
0 0
-475.5 -329.5
-291.5 -167.5
-333.5 -133.5
-292.5 -166.5
-263.5 -220.5
19 79
21 77
29 117
31 137
80 85
20 143
48 148
52 146
7 98
58 139
101 85
120 38
127 43
-78 -77
-80 -90
129 12
129 18
-80 -103
29 -62
61 94
394.5 226.5
394.5 226.5
16 73
25 36
61 90
57 94
56 98
98 39
-84 -99
83 65
14 -58
90 63
-94 -104
101 29
80 66
-276.5 -202.5
35 99
367.5 233.5
366.5 233.5
30 103
31 99
87 26
364.5 228.5
75 41
104 0
88 26
34 92
75 38
78 39
76 60
103 10
79 58
-265.5 -225.5
81 54
40 86
373.5 218.5
100 -4
-104 -120
81 51
-101 -117
113 -10
12 64
38 85
106 3
-96 -114
79 53
35 91
372.5 218.5
39 85
-334.5 -132.5
10 -67
38 84
372.5 215.5
-7 34
82 48
39 80
81 44
97 11
107 -2
-14 59
376.5 210.5
-6 32
375.5 210.5
117 -18
44 77
85 28
375.5 207.5
377.5 205.5
37 74
39 75
41 68
-106 -130
-107 -127
-366.5 -152.5
-114 -138
52 20
100 -48
80 -49
-124 -156
55 -1
55 4
-6 17
11 16
75 -35
52 14
10 47
0 0
77 -44
-161.5 -234.5
52 8
83 -44
2 22
94 -76
359.5 147.5
0 0
18 8
-29 -42
349.5 134.5
9 8
-121 -154
-472.5 -324.5
1 1
333.5 134.5
-3 -23
182 -82
5 -174
-30 -19
-361.5 -143.5
-23 -1
-33 -140
-2 -162
-35 25
181 -65
197 -56
-352.5 -143.5
52 -133
-344.5 -143.5
-4 -119
58 -114
18 44
14 -121
-1 -114
236 -133
33 49
45 101
-405.5 -156.5
-355.5 -138.5
49 99
-369.5 -133.5
-366.5 -144.5
-366.5 -134.5
-292.5 -166.5
-366.5 -131.5
-373.5 -180.5
-369.5 -132.5
-306.5 -286.5
-354.5 -140.5
-361.5 -142.5
-388.5 -160.5
-338.5 -127.5
-473.5 -326.5
-389.5 -163.5
-361.5 -142.5
-383.5 -337.5
-361.5 -143.5
-388.5 -155.5
-357.5 -281.5
-352.5 -284.5
-358.5 -153.5
34 -34
97 119
22 99
64 97
121 -48
86 -23
65 123
63 97
344 -68
75 123
41 -33
135 90
-221.5 -264.5
68 -30
64 66
56 95
47 83
-351.5 -290.5
-332.5 -134.5
-459.5 -333.5
-261.5 -303.5
51 -45
85 102
76 73
78 126
72 121
69 -42
79 119
-366.5 -134.5
76 -27
125 111
-305.5 -289.5
75 120
-388.5 -303.5
45 103
47 -23
-389.5 -149.5
104 -31
105 -34
112 -44
69 -31
76 95
-367.5 -134.5
-385.5 -152.5
55 -29
51 77
45 -60
45 82
62 125
118 -45
104 -47
-367.5 -138.5
-402.5 -320.5
55 -17
26 -16
-330.5 -134.5
45 -10
30 98
43 -3
0 -13
232 -28
56 -17
45 6
41 160
0 -5
36 160
17 -12
-326.5 -299.5
24 -4
38 138
34 142
40 150
28 103
63 -6
38 128
24 -4
32 154
31 5
63 157
70 5
67 -68
18 -41
95 -36
77 14
61 158
14 -12
36 2
61 158
25 157
79 147
28 158
35 177
102 127
39 153
6 131
118 30
88 -12
62 157
394.5 291.5
62 157
-80 -33
394.5 291.5
394.5 291.5
126 73
-79 -44
394.5 291.5
91 130
248 41
394.5 291.5
394.5 291.5
394.5 291.5
394.5 291.5
244 38
394.5 291.5
394.5 291.5
247 40
394.5 291.5
246 39
246 39
248 40
394.5 291.5
244 38
245 38
247 40
246 40
247 41
249 40
394.5 291.5
247 40
242 38
244 38
250 41
245 38
247 40
243 38
246 39
394.5 291.5
244 39
241 37
245 39
247 40
247 40
247 40
243 38
249 42
248 40
245 39
249 41
240 38
394.5 291.5
243 37
250 40
244 39
249 42
247 40
247 40
247 40
244 39
247 40
247 40
248 40
241 38
247 40
248 40
394.5 291.5
394.5 291.5
241 37
245 39
245 39
243 38
246 39
248 41
246 39
250 39
244 38
247 40
248 40
394.5 291.5
245 38
60 158
246 39
249 42
249 42
247 40
244 39
242 37
242 37
39 152
394.5 291.5
245 38
247 40
247 40
247 39
249 41
248 40
394.5 291.5
248 40
-80 -31
248 40
246 39
241 38
245 39
241 37
-79 -33
394.5 291.5
246 38
249 42
244 38
249 41
249 41
62 157
250 40
248 41
247 40
248 40
245 39
91 130
245 39
249 42
249 41
247 40
252 38
244 39
242 38
394.5 291.5
249 41
246 39
249 41
246 39
246 39
246 38
56 164
248 40
250 41
59 159
250 39
248 41
247 40
248 41
245 39
245 39
394.5 291.5
247 40
247 40
248 40
246 39
394.5 291.5
394.5 291.5
249 41
241 37
248 41
247 40
250 40
244 39
248 40
246 39
63 3
249 41
249 41
246 39
244 39
71 2
245 39
243 38
247 40
248 40
249 42
244 38
-76 -72
243 38
46 150
246 41
247 40
246 39
244 38
248 41
249 41
247 40
250 41
91 130
394.5 291.5
248 41
244 39
248 40
248 40
249 41
241 37
-80 -41
247 40
245 39
247 40
-79 -39
245 39
247 40
248 41
247 40
248 40
247 39
247 40
248 40
249 42
245 39
101 126
242 38
244 38
241 37
248 40
247 40
394.5 291.5
247 40
40 151
246 39
242 37
96 127
248 41
249 41
247 40
242 37
248 41
105 124
247 40
247 40
241 37
246 39
240 38
246 40
243 38
243 38
247 40
249 41
244 38
249 41
248 40
249 40
243 38
242 37
245 39
248 40
247 40
90 130
-83 -72
394.5 291.5
248 40
247 40
246 39
248 40
250 41
247 40
247 40
248 41
249 42
246 40
243 38
394.5 291.5
245 39
247 40
394.5 291.5
245 39
394.5 291.5
243 38
248 40
247 40
249 41
249 42
246 40
244 39
247 40
249 42
248 41
249 42
243 38
243 38
245 40
394.5 291.5
250 40
249 41
248 40
249 40
394.5 291.5
247 40
99 75
247 40
246 39
247 40
394.5 291.5
91 130
249 41
103 124
244 39
244 38
243 38
247 40
246 39
247 40
394.5 291.5
394.5 291.5
247 40
247 40
247 40
247 40
248 41
245 38
241 37
247 40
243 38
246 39
96 132
247 40
248 40
248 41
247 40
246 39
243 38
247 40
61 158
242 37
247 40
243 38
247 40
245 39
248 40
241 37
243 38
394.5 291.5
246 39
394.5 291.5
247 40
244 39
15 7
248 40
243 38
245 39
245 38
245 38
246 39
91 130
249 41
245 39
244 39
394.5 291.5
242 37
244 39
244 39
394.5 291.5
249 41
241 37
242 37
246 40
249 40
91 130
246 39
244 39
241 37
248 40
246 39
249 41
394.5 291.5
249 42
246 40
246 40
246 39
103 124
246 39
394.5 291.5
249 40
241 37
245 39
246 39
243 39
242 37
103 112
250 40
394.5 291.5
244 38
242 38
244 38
394.5 291.5
126 69
246 39
244 38
247 40
244 40
244 38
248 41
246 39
244 39
244 39
246 39
246 39
235 34
246 39
247 40
394.5 291.5
242 38
244 38
244 39
246 39
247 40
92 130
249 41
246 39
247 39
394.5 291.5
246 39
247 40
394.5 291.5
60 158
241 37
244 39
394.5 291.5
249 40
245 39
394.5 291.5
394.5 291.5
249 41
394.5 291.5
244 39
-80 -38
394.5 291.5
394.5 291.5
91 130
248 41
248 40
244 39
244 39
248 40
247 40
246 39
246 39
246 38
248 40
246 39
248 40
394.5 291.5
133 -13
248 40
245 39
394.5 291.5
241 37
246 39
244 39
244 39
247 40
245 39
247 40
245 39
127 74
247 40
250 41
246 39
244 39
62 158
90 129
90 130
394.5 291.5
96 132
394.5 291.5
394.5 291.5
91 130
246 39
246 39
394.5 291.5
394.5 291.5
249 41
250 39
247 40
394.5 291.5
246 39
91 130
248 40
249 40
248 40
246 39
394.5 291.5
248 40
244 39
249 41
250 40
241 37
248 40
394.5 291.5
394.5 291.5
249 42
242 37
246 39
244 39
